0 657 1
1 531 2
1 1554 6
1 1815 3
2 553 3
2 1461 6
4 487 2
4 1575 1
4 1099 0
4 1189 2
4 93 5
5 830 9
6 639 1
6 1991 5
6 32 4
6 315 10
6 1203 8
7 291 8
7 813 1
8 1946 3
8 1165 7
8 50 3
9 718 8
9 1336 4
10 1673 9
10 213 5
10 202 9
10 519 3
11 165 5
12 1370 8
13 1486 0
13 705 7
13 1031 1
14 1001 2
14 837 6
14 1184 4
14 1592 1
14 1024 10
15 791 10
15 369 6
16 795 5
16 492 7
17 896 4
17 230 1
17 743 2
18 1698 9
18 169 6
19 1172 4
19 1204 4
20 626 10
20 480 7
21 1338 7
23 32 10
23 1076 6
23 1768 7
23 1186 1
23 1779 8
24 882 10
24 1589 1
24 1998 3
25 1564 8
25 1444 9
25 1743 4
25 1506 2
26 1181 0
26 815 0
26 1661 5
26 1026 5
26 1459 8
26 1765 1
26 1723 3
26 1320 9
27 196 6
27 1981 7
28 1356 4
28 1782 6
28 292 3
29 1114 2
29 1044 2
30 1360 7
30 1846 5
31 624 2
31 1568 6
31 1377 1
31 739 3
31 25 3
32 1079 4
32 1356 0
32 306 1
32 1572 2
33 741 10
33 1807 4
33 669 3
33 1473 4
33 1002 9
33 1024 1
34 1787 9
34 1423 4
35 324 0
35 724 8
35 979 9
36 280 8
37 1153 6
37 1539 0
37 144 9
39 193 8
40 1763 3
40 1520 2
41 1367 6
42 1124 2
42 75 7
42 1346 3
42 1215 4
42 690 7
42 980 0
43 167 4
43 324 1
44 103 4
45 40 4
45 512 5
46 433 10
47 1123 0
47 110 1
48 1844 5
48 1455 7
50 900 8
50 85 2
51 1573 9
51 401 6
51 1023 4
51 41 3
53 285 10
53 1758 0
54 1225 1
54 131 6
55 623 6
55 837 3
55 1276 10
56 912 1
56 1318 6
57 1910 10
57 1344 0
58 774 9
58 964 4
59 1772 4
59 1431 2
60 1202 6
60 957 7
60 985 4
60 1019 9
60 970 7
61 1268 0
61 1906 3
61 561 3
62 1527 0
62 1576 1
62 1709 1
62 1229 2
62 1193 10
63 222 2
65 1496 5
65 701 8
65 1566 8
65 1293 9
65 67 3
65 1040 3
66 757 1
66 1258 4
68 1658 2
68 1152 7
68 827 10
68 909 9
69 249 7
69 189 3
70 1752 9
70 1276 4
71 868 6
71 1612 4
71 1858 8
72 866 6
72 1261 5
72 1720 1
72 188 6
73 1167 4
73 1651 9
74 1692 6
74 239 8
75 716 10
76 1180 9
76 936 9
76 1253 7
77 1400 3
78 196 2
79 1161 5
79 1765 0
80 662 10
80 1006 0
80 1134 2
80 359 10
80 186 6
81 1251 9
81 691 9
81 349 8
82 1551 1
83 36 9
84 740 9
84 1572 2
84 1627 7
84 1325 4
85 86 8
85 167 4
85 259 10
85 1729 9
86 1727 0
86 227 8
86 615 4
86 1506 1
86 1863 1
87 1499 3
87 61 8
87 1363 8
87 148 10
88 1504 3
88 1412 0
88 1561 3
89 1892 4
89 1109 6
90 1695 6
92 1619 1
92 359 7
92 1246 1
92 962 3
93 1545 9
93 131 2
94 1151 10
94 234 7
94 1952 10
95 1948 0
95 1907 9
95 222 5
95 465 9
96 1182 2
96 1833 6
96 615 3
96 382 1
97 1957 2
97 702 8
98 897 9
101 626 4
102 894 2
103 1949 4
103 1026 0
103 1187 0
104 66 3
105 562 1
106 274 2
107 1835 5
107 374 7
107 1623 5
107 523 5
108 911 6
108 298 9
108 150 6
108 542 0
109 523 8
109 1973 7
110 229 4
110 1519 1
112 1743 0
112 635 0
112 825 8
113 1736 1
113 1103 4
113 329 4
113 1189 8
113 129 7
113 593 6
114 312 6
114 436 1
115 431 5
115 249 9
116 907 5
116 842 4
116 1840 0
117 1720 3
117 1078 1
117 576 2
120 1572 9
120 954 10
121 1464 1
121 1033 5
122 289 1
123 476 4
124 43 5
125 1146 0
125 153 10
125 1581 1
125 196 10
126 1613 10
126 985 2
127 1292 0
127 1377 9
128 780 9
128 1577 1
128 150 5
129 64 5
129 1950 9
129 1262 7
129 164 4
131 1707 9
131 521 6
132 1130 10
132 1811 9
132 1857 3
132 526 7
132 788 0
133 700 9
133 670 2
133 492 3
135 1583 3
135 617 0
136 792 7
137 1862 8
137 512 3
138 1288 9
138 389 1
139 483 9
140 1101 8
140 1514 4
141 904 2
141 498 8
141 508 5
141 1001 0
141 1991 8
141 825 0
142 1606 6
142 966 5
142 1765 0
142 676 1
143 1880 10
143 982 9
144 486 9
145 1002 8
145 191 10
145 55 6
145 963 6
146 1399 6
146 375 10
146 893 8
147 1371 7
147 1150 10
150 1440 5
150 1823 0
150 218 8
151 426 1
153 1721 6
154 1907 9
155 682 6
156 1218 3
156 1951 3
157 399 9
158 1951 7
158 1288 6
161 992 4
161 151 7
163 364 8
163 595 1
163 944 7
164 1714 3
164 808 9
165 754 1
165 1312 8
165 1808 10
168 1331 1
168 528 0
169 240 0
170 378 2
170 1771 5
170 290 8
170 1682 5
171 191 10
171 1329 9
172 166 3
172 853 4
172 924 3
172 785 6
172 1293 4
173 1661 10
173 1171 10
173 263 4
173 1020 7
174 587 8
174 1372 3
174 1772 10
175 401 7
175 216 4
176 1937 8
176 1156 0
178 653 2
178 1690 10
179 1790 2
179 1031 8
179 1787 10
179 1092 4
179 1565 2
180 1526 0
180 1269 7
181 717 6
181 1334 9
182 44 0
183 68 5
184 276 8
185 1771 9
185 1709 2
185 1262 8
186 780 6
186 724 1
187 1799 3
187 1564 5
188 191 8
188 1809 4
188 229 9
188 1271 4
189 1994 4
189 477 7
190 794 1
190 1902 2
191 1843 0
192 1894 5
192 1748 6
193 904 3
195 1054 2
195 1865 3
196 955 5
197 1190 3
197 360 0
197 133 0
198 218 10
198 893 8
200 587 1
200 638 9
200 804 3
200 1860 2
200 888 6
201 646 8
201 1090 9
201 1901 10
201 1013 2
201 1112 3
203 1459 10
204 598 2
204 1104 5
204 1317 7
204 528 2
204 267 8
205 1281 0
205 1820 4
205 1027 9
206 255 7
206 1323 4
206 1810 5
206 563 8
207 583 8
208 1882 5
208 650 2
208 45 4
208 966 8
209 1935 0
210 329 8
210 1825 5
211 1961 10
211 1367 7
212 1480 1
213 661 4
213 944 3
213 1754 7
213 120 1
214 833 3
214 655 3
214 1381 6
215 827 1
216 895 3
217 136 6
217 134 7
218 1514 6
220 1881 5
221 811 8
221 232 3
222 874 9
223 1745 7
223 708 8
224 1800 10
225 801 6
225 1544 8
225 25 10
226 1601 8
226 944 4
227 543 7
227 1337 8
227 1327 3
227 385 8
228 729 1
230 922 4
231 323 6
231 1163 5
231 598 9
232 8 7
232 208 3
232 1419 7
234 848 8
234 1644 5
234 1936 9
235 1426 5
237 1165 9
238 187 2
238 808 3
239 1899 0
239 1229 5
239 1137 2
240 856 0
240 277 4
241 1919 0
241 691 5
242 891 6
242 1255 8
242 1574 6
243 964 5
243 146 8
245 717 10
245 398 7
247 1805 3
247 1987 1
248 705 8
248 1803 1
249 1325 7
249 435 6
249 1019 9
249 558 7
250 992 2
250 1275 3
251 159 6
252 1853 1
252 1254 4
253 1247 9
253 1688 4
255 1373 5
258 1703 6
258 1314 5
258 438 2
260 615 1
260 406 8
261 1932 1
261 1531 5
262 1906 5
262 343 8
264 331 4
265 1346 1
267 1592 2
267 1835 1
268 1146 2
268 6 9
268 1659 6
269 972 3
269 176 1
269 713 9
269 1028 3
270 1755 0
270 1198 4
270 1405 0
270 479 3
271 1650 3
271 330 7
271 296 0
271 653 2
271 1435 5
272 302 5
273 122 4
273 1100 7
274 1970 1
275 1452 3
276 293 2
276 1774 9
277 1344 4
277 480 4
278 1959 9
279 1932 0
279 380 7
279 1814 8
280 1231 3
281 1200 8
282 238 0
282 1805 1
282 541 4
283 351 2
284 84 10
284 16 9
284 20 4
284 716 7
285 1631 7
285 646 8
285 469 6
288 1966 0
289 1218 6
289 581 3
289 902 8
290 325 8
290 1329 1
291 736 7
291 1837 1
291 997 0
293 473 2
294 1127 9
294 823 6
294 1508 10
294 460 4
294 442 8
295 835 2
295 179 1
296 1751 0
296 467 3
296 623 2
298 1959 2
298 1151 4
299 413 10
299 1088 2
299 513 8
300 1883 0
301 654 0
301 139 2
301 1179 0
301 325 1
302 400 7
302 1177 4
303 411 8
304 721 9
304 41 3
305 1490 7
305 996 9
305 1219 4
305 1989 3
306 1774 2
306 1794 4
306 820 2
307 922 10
307 1942 6
308 1121 0
309 1242 1
310 1590 8
310 1854 3
312 268 4
312 1736 10
314 1307 7
314 1439 0
315 9 3
316 1180 9
316 1556 5
317 1040 9
317 1697 0
318 1540 2
318 1530 3
319 774 10
320 61 0
320 1510 9
320 196 1
320 538 9
320 827 5
321 271 0
321 1180 6
321 1068 1
321 978 0
321 407 1
322 1964 8
322 1076 1
323 1108 6
324 193 7
324 1340 10
324 217 2
324 1007 1
325 55 1
325 1186 1
325 287 6
326 1424 4
326 1953 2
326 858 2
326 1723 10
327 1629 9
328 208 7
328 1283 8
328 1588 9
329 1896 9
329 732 5
330 414 1
330 936 4
330 965 3
331 877 1
331 844 10
331 705 0
332 1495 2
332 1347 9
332 905 9
333 1630 3
334 361 6
335 924 7
336 1803 6
336 1721 8
336 1326 6
337 1676 0
338 77 0
338 1312 8
339 396 10
339 1958 8
339 1476 9
341 480 3
342 971 1
342 165 3
342 1503 7
342 1778 10
342 1042 8
344 793 2
344 1125 4
344 40 10
344 10 8
345 1659 7
345 747 8
345 1606 2
346 579 0
346 1455 0
346 74 6
346 1617 7
347 1372 9
347 1893 0
347 1197 0
347 1177 0
348 101 8
349 719 3
350 1081 5
350 619 4
351 1039 7
351 1878 7
351 771 0
352 1999 2
352 607 3
353 1443 8
353 1671 2
353 32 10
354 790 0
354 293 0
354 186 3
355 545 0
356 693 1
356 1069 7
356 1227 6
358 1439 5
358 1993 5
358 1789 0
359 1577 6
359 1437 2
360 484 6
360 1923 0
360 1436 5
361 1007 4
361 1956 6
362 453 10
362 1627 6
362 155 5
365 1506 8
365 1753 9
367 1329 9
367 738 9
367 1120 0
368 825 5
368 211 2
368 1879 7
368 655 9
368 268 6
369 1539 9
369 1029 10
370 1060 1
371 914 2
372 1422 10
373 167 8
374 1559 5
374 299 1
375 1422 7
375 404 5
375 1960 6
376 1840 8
376 319 0
376 1042 8
376 1992 4
377 283 0
377 1387 5
377 770 5
378 754 10
378 1193 2
378 976 6
380 359 6
380 1788 6
383 1464 2
383 1818 8
383 474 8
383 759 3
383 459 2
383 1966 3
384 483 1
384 969 7
384 493 9
384 996 6
385 1267 9
385 1508 3
386 1369 5
386 1927 3
386 854 2
388 1081 7
389 566 2
390 1278 2
390 958 9
390 1233 8
390 1292 6
390 240 9
392 1993 5
393 1718 7
393 683 8
393 697 0
393 1345 1
393 284 3
394 704 7
394 1162 0
394 966 6
394 1550 6
394 471 5
395 1944 0
396 1349 4
396 281 0
396 866 0
398 716 5
398 1760 1
399 1027 10
399 243 7
399 902 1
400 49 8
400 331 3
400 1002 6
401 1174 2
402 1588 9
402 1502 0
402 667 0
403 301 2
404 1793 1
405 1861 10
405 1384 2
406 431 7
407 1231 0
407 1792 5
407 1922 9
408 33 5
408 1689 3
409 1248 3
409 1840 4
409 208 1
410 457 3
410 686 0
411 163 9
412 1367 9
413 985 2
413 1260 5
416 947 0
416 929 2
418 187 0
418 186 1
418 1379 10
418 884 6
419 1982 6
420 1376 6
420 1992 10
421 883 5
421 717 1
421 486 1
421 1948 0
422 1459 8
422 1400 5
423 1132 2
423 1649 8
423 1750 5
423 1645 8
424 1637 10
425 1825 1
425 848 8
425 129 1
427 623 0
427 50 2
427 115 0
428 1676 1
428 797 3
428 1755 0
429 1717 4
430 860 1
430 1985 0
431 1751 6
432 536 4
434 1558 10
434 929 4
434 1226 7
434 682 7
436 740 3
437 1733 6
437 1176 5
437 1962 4
438 1142 8
438 1068 9
440 1994 9
440 545 9
441 150 7
441 318 2
442 1520 9
442 527 10
442 1164 0
444 224 5
445 1117 4
445 704 3
446 1270 6
446 1479 10
447 1613 7
447 1994 7
447 1295 3
447 1967 4
448 1717 8
448 1024 9
448 301 6
448 1986 6
449 1505 3
450 1465 3
450 1549 1
451 1673 10
451 338 8
452 142 0
452 1741 5
453 1029 1
454 422 10
455 627 4
455 1911 7
455 156 10
455 1235 0
456 613 3
456 342 9
456 1494 10
457 1335 4
457 1549 5
457 690 2
457 1284 0
457 1851 6
457 339 9
458 268 1
458 406 6
460 844 5
460 768 0
460 454 4
461 828 10
462 1516 2
462 246 8
462 1683 8
463 1969 4
463 1412 3
464 404 10
464 877 8
464 1250 3
465 587 1
465 306 2
466 436 6
467 979 3
467 1556 3
468 781 2
468 593 7
469 845 5
470 845 7
470 595 8
470 1773 7
470 1270 8
471 520 5
471 1864 1
472 1201 0
473 303 4
475 1426 3
475 1297 3
476 757 7
476 625 5
477 1570 6
477 248 5
477 1502 1
477 1825 5
477 926 6
477 1656 2
478 265 8
479 1011 1
479 1386 1
480 1362 5
480 1307 2
481 1676 9
481 1275 0
482 1385 8
482 1176 1
483 415 10
483 1800 8
483 1889 10
483 1150 7
484 994 2
484 1795 3
484 273 0
484 1634 7
485 446 0
486 1665 5
486 1868 3
486 717 9
486 1956 7
487 901 4
487 1473 1
488 8 5
489 1017 7
489 1472 2
489 596 4
490 1674 9
490 774 5
492 821 8
493 648 9
493 703 4
493 63 4
493 213 6
494 511 4
495 1368 9
495 1971 7
495 1842 3
496 1346 10
496 1764 6
497 1263 9
497 1025 0
497 896 10
498 1654 8
498 429 9
498 812 4
499 1036 7
500 1961 10
501 1280 8
501 1316 7
502 1686 7
502 568 3
502 1929 3
502 409 4
503 1671 0
503 964 10
504 42 0
504 1288 9
505 670 8
505 1750 8
505 393 1
506 951 0
506 727 8
506 192 1
507 289 4
508 121 7
509 873 2
511 1036 0
511 1166 0
511 1954 5
512 589 1
513 1461 2
513 952 8
513 1479 0
514 324 4
515 234 3
515 423 10
515 1957 4
516 964 4
517 1818 2
517 1479 8
518 481 8
519 1716 8
519 1877 9
520 1477 6
520 1955 2
520 1671 6
520 1376 2
521 1399 0
521 167 0
522 1667 8
522 1683 4
523 1887 1
523 1131 4
523 1102 5
524 930 4
524 1972 4
525 1459 0
526 168 8
526 790 1
526 1973 4
526 1350 3
526 1119 10
527 352 5
527 1384 3
527 1233 4
527 212 5
527 1764 2
527 1107 1
527 837 1
528 659 9
528 1131 0
529 1923 4
529 1676 9
529 665 0
530 1213 5
531 455 5
531 1872 7
531 1666 6
531 545 7
532 580 4
532 1901 9
532 1439 2
533 1348 3
533 1573 4
534 1119 6
535 928 7
535 451 3
535 965 2
535 103 8
535 418 10
537 1177 3
537 1254 9
537 104 4
538 1829 1
539 276 8
539 560 1
540 365 7
542 1740 5
542 1779 8
543 991 1
543 357 10
543 1160 0
543 198 3
544 1032 7
544 868 4
544 511 5
547 755 6
547 1242 8
547 375 6
548 377 3
548 589 7
550 78 5
551 1060 7
551 1617 1
551 932 8
551 1244 2
552 596 5
552 684 6
553 1853 3
553 1425 1
553 1009 4
554 731 10
554 291 1
554 1405 0
555 347 8
556 1349 9
556 751 4
556 971 9
557 1915 6
557 221 3
558 538 0
558 253 0
559 741 1
560 1765 6
560 1340 6
560 1615 3
560 1935 6
561 1213 5
562 1717 6
562 1394 0
562 583 3
562 1885 2
563 1024 8
563 813 5
563 1088 7
564 546 4
564 937 7
564 1681 10
565 304 1
565 735 5
565 41 5
565 697 1
566 559 3
566 670 8
567 1895 10
568 1363 9
568 1571 5
569 1795 6
569 1246 3
570 470 10
571 427 2
571 1844 1
571 200 9
571 832 0
572 1508 8
572 1110 5
572 679 4
572 826 2
572 416 10
573 1522 4
573 1915 8
573 232 10
575 1185 7
575 1875 5
576 1999 7
576 481 2
576 418 10
577 356 6
577 1361 8
580 123 10
581 1945 9
581 324 5
581 1369 2
582 78 9
582 1784 2
583 1613 7
584 320 10
585 106 7
586 1597 4
586 1741 9
586 1686 4
586 1711 8
587 968 1
587 1935 4
587 1080 9
587 1911 8
587 1742 8
587 924 10
588 988 8
588 1500 1
588 1244 6
591 1527 1
591 1848 7
592 1231 0
592 361 6
593 1817 10
593 209 0
594 47 2
595 330 0
597 1264 10
597 857 1
598 1433 2
598 43 1
598 425 1
600 221 10
600 1911 6
600 412 5
601 1471 2
601 1351 10
601 471 9
601 352 3
603 1136 2
604 536 1
605 235 2
606 1977 0
606 1666 6
607 483 5
607 839 2
607 1873 5
607 1853 4
608 1680 1
609 1206 2
610 674 0
610 1125 4
610 143 4
611 126 3
611 233 1
611 306 9
612 3 10
612 1748 5
614 1206 9
614 1685 2
614 940 2
614 865 6
615 268 8
615 589 0
616 1880 3
616 760 2
616 574 1
617 1252 9
618 1619 9
618 1935 2
618 816 4
619 1943 3
619 1372 9
620 233 1
620 317 0
621 378 10
621 25 3
621 1597 2
622 456 0
623 510 5
623 937 4
623 1589 7
623 846 1
624 380 5
624 1479 5
625 114 2
625 1686 4
626 272 2
626 1300 0
627 829 6
627 250 8
628 1685 0
631 1925 4
631 1420 9
632 183 7
632 1288 5
632 1391 10
633 1170 3
633 335 9
633 679 9
633 669 3
637 757 9
637 500 7
639 1040 0
640 1951 10
640 1520 2
640 1846 9
640 1059 2
641 1998 4
641 274 1
641 649 2
641 181 1
642 956 8
642 1042 3
643 158 6
643 1307 9
643 60 1
644 463 5
644 1551 4
645 934 9
645 1998 1
646 1425 5
647 1801 7
647 132 3
647 1150 8
649 1644 5
650 1696 5
650 860 1
650 110 2
650 1357 9
652 999 7
652 1019 7
653 1123 6
653 937 0
654 948 9
654 1539 9
654 271 1
655 1547 10
655 1187 10
656 1047 7
657 620 1
658 381 5
659 865 8
659 1122 8
660 906 4
662 1618 0
664 1197 1
665 168 0
666 1298 1
666 805 0
666 1202 10
667 488 3
667 571 7
668 737 7
669 1094 7
669 830 3
669 426 9
671 776 4
671 467 2
672 766 4
672 809 10
672 1286 5
673 1995 5
673 1689 2
674 1955 0
678 1165 7
679 1701 4
679 1843 6
680 925 6
680 346 0
680 1014 4
681 735 8
682 975 10
682 808 8
682 707 8
682 1154 4
683 399 1
683 129 3
685 721 9
688 1571 8
688 1381 5
689 1915 9
689 1593 2
690 1401 3
691 1015 7
692 477 6
692 963 3
693 609 3
693 1653 10
694 984 8
694 695 10
695 409 1
695 38 5
695 1697 7
696 616 10
697 1422 4
697 1261 4
698 637 3
698 1294 10
698 1925 6
699 1311 9
700 264 0
700 498 10
701 1507 0
702 559 0
702 893 1
702 918 3
703 10 6
703 1508 8
703 1939 7
703 1261 8
703 937 5
704 190 10
704 1220 7
705 343 6
706 922 2
706 423 1
707 131 8
708 1762 1
708 462 2
709 1862 5
709 965 4
709 49 7
710 1059 4
711 1001 8
712 750 6
714 966 7
714 1447 6
714 1393 0
715 1296 6
715 599 2
717 754 1
717 1051 4
718 793 0
718 697 3
719 241 10
719 581 5
719 1818 7
720 1212 3
721 1312 3
721 1946 9
721 1278 6
722 236 3
722 1750 8
722 459 0
722 1862 1
723 1345 9
723 1609 10
723 324 6
724 746 10
725 405 7
726 516 0
727 112 9
729 274 6
729 1187 3
729 1932 10
729 80 7
730 1954 3
730 13 10
730 1054 9
730 1179 9
730 1688 9
731 136 9
732 880 1
732 645 3
733 260 5
734 246 3
734 1595 0
735 357 1
737 725 4
738 1291 2
738 1739 6
738 1934 1
738 1473 2
739 1556 7
740 1986 0
740 61 2
741 289 3
742 217 7
742 369 2
742 1013 7
743 1922 2
744 968 8
744 897 1
744 1024 2
745 470 4
745 1315 1
746 1383 5
746 955 1
747 279 3
747 1628 5
747 870 1
747 1071 1
748 1417 10
749 228 3
749 1779 7
749 1650 3
750 1668 7
750 73 3
750 1227 3
751 1485 2
751 1476 9
751 860 0
751 1677 7
751 468 8
752 1181 3
752 835 1
753 152 3
753 984 4
753 1070 9
754 1671 9
755 331 10
755 842 7
756 946 4
756 932 3
756 297 2
757 1885 0
758 1982 10
758 1568 1
759 1409 4
759 290 4
759 591 10
760 1318 1
760 1464 0
761 459 4
761 1867 5
762 1534 9
763 1217 5
767 545 0
768 1932 1
768 1530 5
769 439 1
769 799 3
770 734 2
770 354 7
770 46 10
770 568 7
771 414 2
771 1325 8
772 533 5
772 826 10
772 1537 2
773 719 7
773 217 5
774 156 3
774 1294 7
774 1781 2
776 311 10
776 1546 6
778 1987 0
778 569 3
778 1516 0
778 615 1
779 276 6
779 195 8
779 1382 3
779 468 9
780 1908 0
780 894 6
780 573 6
781 1254 5
781 211 4
782 4 2
782 955 2
784 1717 8
784 720 10
784 285 10
785 1054 5
786 1395 10
787 1022 7
787 917 9
787 298 6
788 964 9
788 1372 3
788 1417 1
789 379 4
790 958 4
790 1090 8
791 81 9
792 917 4
792 1005 10
792 1198 6
793 1220 3
793 682 3
794 1154 7
795 330 9
796 1523 1
796 1260 2
797 1679 7
797 1644 7
797 72 0
797 1784 1
798 644 0
798 627 7
799 1484 5
800 1813 5
800 161 7
801 103 6
802 1531 9
802 1312 0
803 293 1
803 550 0
804 1668 6
804 1880 10
804 1654 1
804 1917 8
805 1493 8
805 1070 2
805 1275 5
805 1192 9
806 1842 2
806 1378 2
806 1058 10
808 364 6
808 49 0
809 1972 2
809 763 2
810 1381 3
811 853 9
812 788 4
812 1284 9
814 1524 5
814 1483 1
814 1064 9
814 1571 2
815 797 9
815 117 8
816 989 6
816 802 7
817 1188 5
817 1160 4
817 1882 3
817 1914 3
817 1901 0
818 121 5
818 1063 6
818 1346 2
818 160 8
818 630 8
819 1936 2
819 751 1
820 1690 6
820 677 3
821 535 1
821 880 6
821 1644 5
823 1752 4
823 1979 9
824 572 10
825 999 0
826 1831 4
826 1819 3
826 360 2
826 361 6
827 1038 9
827 1913 5
827 1702 6
828 612 2
828 1883 8
828 331 9
829 209 5
829 1248 6
830 1980 7
830 441 9
832 1841 1
832 1834 5
832 385 7
833 1285 9
834 1051 1
834 39 5
834 162 8
835 1411 4
835 171 5
836 600 4
836 384 1
836 88 4
837 1447 4
837 582 3
838 1475 10
838 334 4
838 165 9
839 1067 1
840 1453 9
840 1374 9
840 1095 5
840 1815 1
840 1005 3
841 600 5
842 1974 8
843 1171 9
844 1365 8
846 1176 8
846 1744 1
848 377 9
848 705 2
849 1101 8
849 869 9
849 514 0
849 740 9
850 1846 0
850 90 7
850 643 1
850 1616 7
851 1150 6
851 1026 7
852 291 3
853 540 2
853 1359 6
853 962 6
853 559 0
853 886 6
855 1531 5
855 907 10
855 570 2
855 555 2
856 91 2
856 710 3
857 1083 9
857 1414 5
857 1471 3
857 1164 8
860 1390 5
860 1397 2
861 50 1
861 895 4
862 1494 8
862 333 9
864 313 10
864 1301 1
864 1797 7
866 591 7
866 1733 7
867 428 10
867 1509 7
868 109 6
868 484 6
868 178 5
868 1521 4
868 958 5
869 47 2
869 522 1
869 1009 5
869 1445 6
869 161 1
869 1664 4
870 1800 9
870 524 3
871 742 5
872 1066 1
872 1240 2
872 274 1
872 235 0
872 1088 3
872 177 8
872 1007 7
873 758 5
874 260 6
875 1913 5
877 1030 2
877 1445 4
877 1142 9
877 107 0
878 823 8
878 1800 0
879 1541 5
879 212 8
879 1574 3
879 953 2
880 194 9
880 1083 5
880 1788 2
881 995 10
881 1565 6
882 1709 6
883 1845 1
884 616 8
884 1137 3
885 5 1
885 1110 10
885 689 9
885 1005 0
886 1895 10
887 397 4
887 1566 3
887 124 4
888 1787 5
888 964 3
889 925 2
890 417 3
890 725 7
890 1544 6
890 1453 0
890 1444 0
891 177 1
891 1234 3
892 1097 10
892 1989 4
892 35 3
893 2 9
893 1764 5
894 184 9
894 284 4
896 1828 6
896 1395 2
897 1467 8
897 1409 7
898 157 5
898 1135 3
898 1280 7
902 664 0
902 85 4
903 1463 5
904 1533 4
904 272 4
904 1778 6
904 1827 4
905 763 7
906 1456 4
907 24 2
907 815 5
908 1380 10
909 1537 2
909 1602 8
909 325 2
910 1901 9
910 1679 0
912 1714 6
912 154 4
912 645 0
913 582 1
913 1346 5
915 1615 7
917 1282 9
918 1696 4
918 1317 9
918 603 9
918 154 2
919 156 5
919 195 0
919 1935 7
920 1878 1
920 1625 10
922 1983 4
922 523 7
923 650 8
923 101 4
923 1321 9
924 148 2
924 1166 0
925 578 4
925 1882 8
926 514 4
926 1629 5
927 1940 2
927 536 2
927 23 5
928 961 9
928 940 2
929 1303 10
929 871 2
929 1366 2
929 1842 5
930 790 10
931 1607 2
931 1994 3
931 1694 3
932 745 10
932 1349 6
933 1506 4
934 672 6
934 1485 5
937 799 6
937 979 6
937 32 2
937 384 6
937 915 10
938 1806 10
938 1329 5
938 1934 8
938 1017 6
939 289 9
939 1137 5
939 988 2
939 1648 1
940 1797 6
940 327 4
940 815 9
942 1621 9
942 93 3
942 1885 4
943 76 7
944 1443 6
944 1 2
944 405 1
945 1108 3
946 1163 0
946 1722 6
947 1546 3
947 1226 6
948 890 6
948 1394 8
948 1612 10
948 980 2
950 110 3
950 1836 2
951 1500 7
951 1349 7
951 479 1
952 556 3
952 1759 1
953 1062 1
953 1459 3
954 552 9
955 742 0
956 208 2
957 966 6
958 1796 10
958 1500 5
959 100 10
960 56 4
960 1541 1
960 913 1
960 316 0
961 1015 1
961 1457 8
963 1709 2
963 551 9
963 45 4
964 59 0
964 265 6
964 1012 1
965 1511 6
965 1109 1
966 1426 10
966 1943 0
968 806 3
968 1496 9
969 935 7
970 145 9
970 1014 9
970 685 8
971 1602 3
972 1112 4
972 844 9
972 288 10
973 1040 2
974 1821 9
974 1050 3
974 30 7
975 982 1
975 1110 1
975 126 6
975 1385 5
976 1749 0
976 664 2
976 1573 6
977 236 7
978 1213 0
979 465 6
979 1925 5
979 1830 1
980 812 10
980 1615 1
981 290 2
981 1927 9
981 1791 2
981 133 8
981 1740 10
982 1563 0
982 73 8
982 41 10
983 27 2
983 1273 9
984 948 4
984 1893 9
985 419 9
985 1362 8
985 1777 1
985 744 3
986 404 8
989 1981 1
990 966 5
990 996 10
990 1365 8
990 1713 10
991 1138 5
992 1422 2
992 940 5
993 1138 9
994 1419 9
994 452 0
994 1963 5
997 1059 10
997 204 5
998 730 10
998 1711 10
999 54 7
999 611 3
1000 1371 3
1000 139 4
1001 1740 9
1001 74 0
1002 1830 5
1003 1534 6
1003 1417 3
1004 930 4
1006 1132 8
1006 1976 3
1006 1392 1
1006 0 8
1007 718 0
1007 915 2
1008 1075 5
1008 1636 1
1009 575 6
1009 238 5
1009 1597 8
1010 1380 8
1011 761 8
1011 363 3
1011 1831 0
1012 1912 2
1012 1093 10
1012 647 4
1013 1131 7
1013 115 8
1013 1148 6
1014 672 5
1014 179 8
1014 1248 7
1014 54 5
1014 1727 6
1015 285 1
1016 355 1
1016 224 9
1016 1605 6
1017 1858 1
1017 1496 1
1017 685 6
1017 1629 6
1019 849 0
1019 792 6
1019 758 8
1020 1234 4
1022 1889 10
1023 551 2
1024 1057 0
1025 1497 10
1025 304 9
1025 1540 9
1025 1866 9
1026 105 6
1027 1068 5
1028 384 9
1028 252 8
1030 1262 8
1030 538 0
1031 677 10
1031 1705 9
1031 1278 4
1032 688 9
1032 1360 6
1033 1062 8
1034 292 8
1036 286 8
1036 1571 7
1036 1198 5
1036 1360 3
1037 43 1
1037 870 8
1037 1671 2
1037 1590 7
1038 1875 8
1038 965 5
1038 144 1
1039 139 6
1039 1097 0
1039 395 8
1039 355 1
1040 273 0
1040 1780 7
1041 1414 9
1041 1419 8
1042 1420 2
1042 1680 7
1043 920 8
1043 869 4
1043 337 6
1043 335 0
1044 753 7
1044 1321 7
1045 955 0
1045 1645 8
1046 1498 3
1046 552 5
1047 817 9
1047 553 9
1048 1125 1
1048 1823 5
1050 1360 0
1051 1979 6
1051 812 5
1052 1092 6
1053 1265 7
1053 1841 7
1054 1319 2
1054 778 6
1054 1659 8
1054 895 10
1055 362 10
1056 397 9
1057 1138 7
1057 1588 6
1058 47 6
1058 1457 2
1058 1612 5
1058 1166 5
1058 1792 6
1059 1899 5
1059 578 2
1059 1717 9
1059 1965 4
1059 519 2
1061 996 8
1061 1806 3
1061 198 4
1061 563 2
1062 1976 5
1062 1100 7
1062 725 10
1063 532 8
1064 1654 2
1066 1904 2
1066 1328 1
1067 60 10
1069 464 8
1069 258 8
1070 1709 6
1071 1199 3
1071 622 8
1071 1311 9
1072 1584 0
1072 740 9
1073 1896 1
1073 522 2
1074 833 7
1074 84 8
1075 1529 1
1075 1123 6
1075 901 2
1076 1207 2
1077 161 8
1078 694 7
1078 1021 0
1078 790 2
1078 313 6
1079 445 8
1079 239 2
1080 677 7
1081 1199 9
1081 802 4
1081 1066 3
1081 1114 8
1082 1025 9
1083 283 8
1083 36 9
1084 1390 8
1085 469 1
1085 194 10
1086 436 9
1086 258 4
1087 892 1
1088 1818 8
1090 1534 1
1090 264 7
1091 1412 0
1091 769 2
1092 870 8
1093 1822 3
1094 1111 2
1095 1593 4
1095 190 3
1095 1356 4
1095 946 9
1096 1849 3
1097 719 0
1097 1494 8
1097 299 2
1098 568 0
1099 1241 4
1100 1297 1
1100 196 6
1100 63 7
1101 1009 8
1103 50 1
1103 910 8
1103 69 6
1103 246 5
1104 1208 7
1104 1277 9
1105 320 8
1105 1454 3
1105 1247 0
1105 383 3
1106 1727 8
1106 21 4
1106 381 3
1107 725 9
1107 125 0
1107 1909 9
1108 498 0
1108 1107 5
1109 434 5
1109 1569 0
1109 1541 7
1110 683 9
1111 898 5
1111 1463 1
1112 1032 0
1112 325 9
1113 485 3
1113 924 1
1113 1993 7
1114 1030 0
1116 1256 10
1116 1628 0
1116 747 8
1117 389 8
1117 255 6
1118 148 1
1119 1694 10
1120 1623 3
1120 205 1
1121 1977 0
1121 993 5
1121 474 3
1122 1835 9
1123 882 8
1123 264 8
1124 1046 8
1124 145 1
1124 1951 9
1124 440 9
1124 1102 0
1125 543 5
1125 364 7
1126 1306 4
1126 487 6
1126 1292 9
1127 519 0
1128 1559 0
1128 597 3
1128 1036 2
1129 1522 0
1129 1901 8
1129 778 6
1131 169 9
1132 1207 0
1132 1355 10
1134 1954 4
1134 1162 0
1134 1971 8
1134 475 7
1134 638 2
1134 192 2
1135 878 0
1135 21 7
1135 1843 5
1135 87 2
1135 1139 9
1136 1603 4
1137 1627 1
1137 1397 9
1138 113 0
1138 793 9
1138 639 6
1138 1016 6
1139 1377 10
1140 286 9
1141 902 3
1141 1335 0
1141 955 5
1141 1666 10
1142 271 6
1142 1069 0
1143 1808 9
1143 1721 10
1144 1910 0
1145 540 2
1145 948 10
1146 1090 2
1146 176 6
1147 1994 10
1147 1489 4
1148 679 3
1148 1256 7
1149 331 7
1149 1687 9
1149 866 4
1149 388 1
1150 789 9
1150 1542 6
1151 700 2
1151 1997 7
1152 260 9
1152 860 10
1152 1251 9
1153 905 4
1154 306 8
1154 901 2
1155 1215 3
1155 1254 2
1156 498 2
1157 1598 6
1157 1907 4
1157 1927 10
1158 1303 6
1159 762 10
1159 1767 7
1159 685 3
1159 1323 5
1159 1095 9
1159 374 8
1160 393 9
1161 746 2
1161 1657 8
1161 1326 9
1162 1392 3
1162 1913 1
1163 1534 0
1165 1094 3
1165 313 3
1165 583 8
1165 1727 10
1165 799 8
1166 1071 6
1166 213 3
1166 756 0
1167 775 7
1167 518 6
1167 1615 6
1167 329 3
1169 1051 7
1169 584 9
1169 6 6
1170 1309 1
1170 1178 9
1170 996 8
1171 1461 9
1172 1805 9
1172 284 7
1172 1417 9
1172 1591 7
1172 1963 6
1173 227 0
1173 1208 0
1174 359 1
1174 505 3
1174 712 6
1175 1157 3
1175 82 3
1177 1154 0
1178 518 3
1178 308 9
1178 432 2
1179 775 9
1179 572 2
1179 383 7
1181 77 1
1182 1175 0
1183 1174 3
1184 1404 3
1185 1502 7
1186 372 8
1186 698 0
1188 835 10
1188 608 9
1188 325 7
1189 1738 3
1189 951 3
1190 458 5
1190 636 0
1190 73 6
1190 1666 7
1191 245 10
1191 1954 6
1191 53 4
1191 769 6
1192 1396 9
1193 754 6
1196 275 7
1196 1791 6
1196 28 3
1197 1881 8
1198 1501 7
1199 754 3
1200 1950 6
1201 1043 3
1201 1925 4
1201 1373 6
1202 440 9
1202 1963 0
1203 1268 10
1203 155 8
1204 270 6
1206 1452 3
1206 880 6
1207 566 7
1208 1905 9
1208 473 3
1209 1588 7
1209 1617 4
1210 943 9
1210 60 4
1210 1664 10
1213 1406 0
1214 1484 7
1214 197 5
1214 1623 7
1215 1781 2
1216 208 9
1216 1391 3
1218 1251 0
1218 1647 7
1219 308 5
1220 654 6
1220 1799 2
1221 292 2
1221 943 2
1221 145 8
1222 598 5
1222 252 7
1222 1922 9
1222 471 10
1226 1301 2
1226 1101 2
1226 1628 4
1227 164 7
1227 1463 8
1227 1191 0
1228 173 6
1228 1268 6
1228 278 1
1229 397 3
1229 913 7
1230 156 0
1231 384 4
1231 1399 3
1231 499 1
1231 1475 9
1231 821 2
1231 586 8
1232 1736 6
1232 1014 9
1232 1279 8
1233 1913 1
1233 346 7
1233 1649 1
1234 699 6
1235 630 0
1236 1922 0
1236 1706 8
1236 1640 6
1239 462 5
1239 1849 10
1239 1679 3
1240 410 9
1240 1919 6
1241 1273 7
1241 364 5
1242 890 8
1242 183 4
1243 1743 9
1243 961 5
1245 1431 1
1245 953 2
1246 1275 2
1246 717 10
1246 1690 1
1247 1312 1
1247 503 10
1247 1784 7
1249 888 8
1251 191 2
1251 713 5
1252 408 5
1252 437 10
1252 614 3
1253 1273 1
1253 717 0
1253 1685 3
1254 301 6
1254 43 4
1255 695 8
1256 1038 8
1256 1486 0
1258 954 4
1258 54 6
1259 4 10
1260 997 3
1260 1431 9
1260 536 4
1260 495 5
1260 202 0
1261 1630 3
1262 1366 5
1263 1318 5
1263 1862 9
1263 466 10
1264 251 3
1264 1841 3
1264 961 2
1264 1817 5
1265 1601 8
1265 50 0
1265 1088 1
1266 1203 6
1266 1099 4
1266 1904 5
1267 1025 0
1268 771 5
1268 1748 3
1268 302 5
1268 110 1
1268 735 3
1269 145 8
1269 1445 1
1269 1794 8
1269 1050 10
1269 1278 7
1273 624 9
1274 513 3
1274 1841 7
1274 470 4
1275 668 8
1277 635 0
1277 1790 6
1279 1996 7
1279 1614 6
1280 1751 7
1280 1158 10
1281 1973 2
1281 1912 7
1283 1948 7
1283 1374 6
1283 888 3
1283 1886 6
1284 14 1
1285 1158 0
1285 287 1
1285 174 10
1286 815 3
1287 107 1
1288 1903 1
1288 1427 9
1288 1057 3
1288 1439 3
1289 1867 1
1289 1962 2
1290 38 1
1290 580 3
1290 39 9
1291 785 7
1291 754 5
1292 1797 3
1292 1259 6
1292 1914 6
1293 1586 3
1293 434 9
1293 1509 10
1294 1736 0
1294 255 10
1294 1428 6
1295 1513 0
1295 1806 6
1297 605 8
1297 782 10
1298 227 7
1298 285 2
1298 565 3
1298 493 5
1299 707 5
1300 379 9
1300 2 0
1300 1994 8
1301 1857 3
1301 142 0
1301 221 8
1301 296 5
1302 1452 4
1302 1478 3
1302 1299 10
1302 229 8
1303 1075 4
1304 1745 3
1304 1044 0
1304 1476 7
1304 1385 4
1305 214 3
1305 1069 2
1305 307 10
1306 806 3
1306 1464 4
1307 1507 8
1307 566 1
1308 1649 1
1308 101 8
1308 1808 10
1308 981 2
1309 1389 6
1309 762 4
1309 104 9
1310 509 2
1310 795 10
1310 864 5
1310 1723 2
1310 1859 2
1311 884 7
1311 1164 8
1311 642 10
1312 1024 8
1312 334 7
1312 702 9
1312 941 4
1313 1490 6
1313 811 7
1314 916 10
1314 827 4
1314 61 0
1314 1836 2
1315 985 8
1315 1281 6
1317 1156 1
1317 1330 3
1317 1606 6
1317 1294 10
1318 348 4
1320 104 10
1320 840 5
1321 1567 3
1321 1811 9
1321 1799 9
1321 613 5
1322 1472 8
1322 328 2
1323 830 0
1323 1570 10
1324 930 5
1324 920 5
1325 1471 7
1325 918 7
1325 162 2
1326 1512 9
1326 640 6
1326 442 5
1327 1732 5
1327 1812 0
1327 599 7
1327 1137 3
1328 580 1
1328 57 1
1329 935 9
1330 870 1
1331 1795 7
1331 1693 4
1333 1998 2
1333 858 1
1333 1644 4
1333 758 4
1334 1679 5
1334 83 3
1334 1798 10
1334 1791 7
1335 567 0
1335 389 9
1337 1173 0
1338 1974 0
1339 365 7
1339 660 9
1340 1249 8
1340 1730 2
1341 1123 4
1341 1747 4
1341 632 4
1346 1008 9
1347 1828 5
1347 1257 9
1347 1797 10
1348 707 3
1348 1397 1
1348 1648 9
1349 1809 2
1349 1493 8
1349 844 0
1349 597 6
1350 1546 2
1351 253 8
1352 1335 9
1352 1102 5
1355 734 0
1355 230 0
1356 43 2
1358 956 2
1359 1745 3
1359 1462 5
1359 766 0
1359 1832 10
1360 1580 1
1360 1992 5
1360 1417 10
1361 1300 4
1362 1959 4
1363 1994 7
1363 1079 7
1365 1308 0
1365 1593 3
1365 942 2
1365 1052 8
1366 1192 5
1366 377 1
1367 1992 6
1367 1144 5
1367 1362 1
1368 1046 8
1368 297 2
1368 1075 4
1369 167 9
1369 1108 9
1369 601 6
1370 1052 2
1370 1778 2
1372 408 6
1373 1502 7
1373 553 4
1373 1314 4
1373 1815 6
1374 29 0
1374 422 4
1374 1116 2
1374 386 6
1374 1953 6
1374 81 7
1375 57 9
1375 626 7
1376 1883 4
1376 599 3
1376 1803 4
1376 319 2
1377 496 1
1377 1412 0
1378 647 3
1378 1522 10
1380 46 0
1380 503 7
1382 1747 4
1383 1126 6
1383 313 2
1384 1540 0
1385 1827 8
1385 1100 10
1385 167 10
1386 640 3
1388 344 10
1389 1433 10
1389 101 0
1390 139 3
1390 1486 0
1391 957 6
1391 928 4
1392 1012 7
1392 1919 3
1393 1508 10
1394 1699 9
1394 1980 0
1395 1357 8
1395 1387 7
1395 1071 5
1396 1879 4
1397 1591 4
1397 971 8
1397 1971 5
1398 1878 10
1400 1007 7
1400 1587 1
1400 288 9
1401 1739 3
1401 1846 8
1401 676 3
1401 1794 5
1401 895 5
1401 1285 8
1402 1778 4
1402 878 4
1402 1927 6
1402 1744 2
1403 722 7
1403 913 6
1404 280 8
1404 1568 2
1405 317 10
1405 1636 2
1406 436 6
1406 1872 5
1406 603 3
1406 1069 10
1406 1155 8
1407 174 7
1407 1712 5
1408 1598 9
1408 1807 10
1408 817 7
1409 1856 2
1409 36 4
1410 17 10
1410 482 6
1411 1877 4
1411 651 4
1412 1298 4
1412 1541 3
1412 1216 3
1412 131 4
1413 625 2
1413 1789 10
1414 643 1
1415 127 6
1416 673 3
1416 1730 2
1416 424 2
1416 242 3
1416 227 3
1417 230 8
1417 1069 8
1417 551 6
1418 1443 2
1418 594 2
1418 1692 5
1419 482 3
1419 1750 4
1419 1067 3
1420 673 1
1420 358 9
1421 56 3
1422 890 5
1422 610 7
1422 1830 0
1422 533 10
1422 99 4
1422 764 4
1423 1720 3
1423 1109 6
1425 131 0
1425 876 4
1425 473 5
1426 175 10
1426 1395 3
1426 1615 5
1427 431 7
1427 821 4
1428 1939 9
1430 1587 1
1430 1162 6
1430 164 9
1431 1091 0
1432 458 8
1432 823 10
1432 1929 2
1433 1979 6
1433 300 7
1433 1698 4
1434 1050 7
1434 106 2
1434 94 0
1434 141 6
1435 480 7
1436 121 8
1437 1873 5
1437 1051 1
1437 1383 3
1438 1427 9
1439 1548 0
1439 58 4
1440 564 9
1440 881 10
1441 782 8
1443 301 5
1443 985 0
1443 1661 0
1443 1748 5
1443 350 2
1444 1674 6
1444 1428 3
1444 1198 4
1444 561 4
1445 640 5
1445 1142 0
1445 49 2
1445 1889 9
1446 1711 7
1446 402 4
1446 503 6
1446 1738 3
1446 974 8
1446 645 4
1447 1574 1
1447 453 5
1447 1816 10
1448 1317 2
1449 283 9
1449 1242 8
1449 1863 4
1450 450 4
1450 279 8
1450 662 6
1450 378 4
1450 1408 0
1450 1489 7
1451 1459 10
1451 321 6
1451 1592 5
1452 1502 10
1453 1352 6
1453 1466 2
1454 1364 8
1455 595 4
1456 271 6
1456 797 0
1456 1531 5
1457 879 3
1459 343 8
1459 1435 10
1459 1581 1
1460 111 4
1461 461 6
1463 176 9
1463 887 9
1463 1476 9
1463 132 8
1463 1229 10
1464 1905 1
1465 1662 7
1466 1166 1
1466 485 8
1466 460 9
1468 1884 4
1468 62 8
1468 1626 5
1469 1989 9
1469 1978 9
1469 1747 8
1470 987 4
1470 902 0
1471 877 2
1471 1098 8
1471 920 10
1472 1191 3
1472 1273 8
1473 491 1
1473 865 4
1473 1696 10
1474 1847 5
1474 437 7
1474 274 2
1475 1722 6
1475 697 1
1476 1487 7
1476 1926 7
1476 101 10
1477 1976 2
1477 457 0
1479 348 8
1479 1090 10
1479 81 1
1480 1325 10
1480 122 4
1480 105 0
1481 1687 3
1481 139 1
1483 1507 7
1484 823 9
1485 515 8
1485 1201 8
1486 1308 6
1487 1510 3
1487 504 5
1488 1392 8
1488 668 9
1488 924 0
1488 1026 0
1488 1742 10
1488 383 4
1489 714 1
1490 1808 9
1490 1329 5
1491 1380 0
1491 1779 10
1492 1357 2
1492 1850 7
1492 1920 0
1492 1124 7
1493 10 5
1493 188 1
1493 1288 7
1494 484 1
1494 95 9
1496 1627 1
1497 509 8
1497 1640 5
1497 631 2
1498 210 7
1498 1037 8
1499 1861 1
1499 1460 4
1499 290 1
1500 1195 10
1500 1991 1
1503 463 6
1505 1136 4
1506 1521 9
1507 1598 7
1507 1276 1
1507 513 9
1507 861 0
1509 1755 9
1509 977 7
1510 226 6
1510 824 5
1512 1577 0
1512 703 2
1512 138 4
1513 1686 8
1513 938 4
1513 90 8
1514 994 1
1514 945 2
1514 1724 4
1515 400 0
1515 1096 8
1516 1182 5
1516 1713 9
1516 415 0
1516 1756 6
1517 39 6
1517 335 6
1518 225 8
1519 935 1
1520 1424 9
1522 1978 5
1522 397 2
1523 520 9
1523 730 3
1525 890 9
1526 191 6
1526 1534 2
1526 1210 6
1526 316 5
1526 1353 0
1527 1574 1
1527 1738 4
1527 1187 9
1529 1587 6
1529 1803 2
1529 1637 1
1529 454 2
1530 1050 0
1531 175 6
1531 289 1
1531 1044 8
1532 563 8
1532 1817 4
1532 1175 1
1533 274 10
1536 1878 4
1536 392 10
1537 1777 8
1537 665 1
1537 166 7
1538 125 4
1539 1174 2
1539 1468 9
1539 1924 1
1539 1826 6
1539 949 6
1539 1954 2
1540 804 3
1540 451 8
1540 1364 2
1540 1423 10
1540 1318 5
1541 1064 0
1541 1049 0
1541 66 4
1542 1410 2
1542 780 3
1542 1798 0
1543 1613 9
1543 1041 4
1545 1531 2
1545 106 4
1546 614 7
1547 479 4
1547 138 10
1548 1307 6
1548 1837 4
1549 12 1
1549 618 8
1551 1659 6
1551 1813 6
1551 1463 4
1552 244 5
1552 1012 10
1554 525 4
1555 251 3
1555 1018 8
1555 812 5
1556 273 7
1556 1496 3
1556 388 0
1558 1990 7
1558 1907 4
1559 655 4
1559 1196 10
1559 1577 8
1559 477 0
1560 989 5
1561 1893 10
1561 1026 8
1561 732 1
1561 1071 3
1563 1512 8
1564 123 5
1565 1436 5
1566 154 4
1566 149 1
1566 135 3
1567 1374 8
1567 926 2
1568 300 7
1568 1408 1
1568 1644 8
1568 1760 0
1570 1669 1
1571 888 3
1571 531 6
1573 415 1
1573 1038 5
1573 1839 7
1573 1705 9
1574 1134 3
1574 336 2
1574 772 0
1575 1510 2
1577 678 10
1577 304 9
1577 1139 0
1577 68 10
1578 37 6
1578 187 5
1579 235 6
1579 1154 2
1580 1194 9
1581 1080 4
1582 1209 1
1582 25 7
1582 1652 8
1583 1665 6
1583 1208 7
1583 169 4
1584 351 3
1584 609 6
1585 767 5
1585 1000 9
1586 1068 4
1587 549 4
1587 1471 4
1588 623 8
1588 65 5
1589 1682 10
1589 712 3
1589 1237 5
1591 517 3
1593 1055 0
1593 1762 9
1594 332 8
1594 175 1
1594 1011 6
1595 141 5
1595 32 10
1596 125 3
1597 1925 8
1597 650 8
1598 1554 1
1599 223 6
1600 567 5
1600 532 5
1600 665 8
1600 403 9
1601 1223 10
1601 1181 2
1601 867 3
1601 171 5
1601 276 9
1602 1446 1
1602 1471 9
1602 1683 1
1603 1258 9
1603 1452 3
1603 591 10
1604 1910 4
1604 689 2
1604 393 8
1605 1983 6
1606 754 9
1606 1497 6
1606 525 5
1607 1866 2
1608 525 0
1609 734 7
1610 1382 10
1611 394 9
1611 206 2
1611 380 6
1611 1685 5
1612 382 4
1612 1463 1
1612 1766 5
1613 1320 5
1613 507 7
1613 1587 10
1614 1501 4
1615 289 7
1616 1302 0
1617 608 7
1617 1695 1
1617 680 5
1618 442 9
1619 1219 3
1620 1265 9
1620 1941 8
1620 1102 2
1620 364 8
1621 181 5
1621 1416 7
1621 1695 3
1621 447 8
1622 767 9
1623 462 10
1623 1232 1
1624 946 1
1625 967 5
1626 1900 2
1626 1012 7
1627 936 0
1628 1271 8
1628 1114 5
1629 736 8
1629 493 7
1629 1338 8
1630 677 5
1631 1079 6
1631 332 1
1632 1163 0
1632 812 9
1633 836 9
1634 253 2
1635 506 6
1635 1408 6
1636 1389 2
1636 518 3
1636 85 3
1637 1745 6
1638 1140 1
1638 916 9
1638 683 3
1640 997 2
1641 790 1
1641 1468 8
1641 1745 6
1641 1847 5
1642 1178 1
1642 639 6
1642 1500 1
1644 1712 6
1644 232 2
1644 327 6
1645 185 1
1645 1232 10
1646 1120 3
1646 1928 0
1646 309 9
1648 1042 8
1648 1357 4
1649 671 0
1649 402 4
1650 957 8
1650 901 2
1651 979 1
1651 1893 4
1651 97 2
1652 904 4
1652 1565 1
1653 398 5
1653 927 8
1653 1925 10
1654 1715 1
1655 1150 5
1655 281 2
1655 1423 1
1655 1088 2
1656 1503 0
1656 1407 7
1657 816 7
1658 1035 8
1658 1195 7
1658 600 9
1658 1038 9
1659 1113 7
1659 1530 3
1660 770 3
1660 1721 3
1660 757 5
1660 1424 9
1660 1524 6
1661 1626 2
1661 453 7
1662 432 6
1662 708 3
1662 61 4
1662 1119 7
1663 1966 5
1663 1605 10
1664 272 7
1665 637 0
1665 385 9
1666 1350 1
1666 542 4
1667 54 10
1667 1714 5
1667 1451 3
1667 464 3
1670 1552 5
1671 80 8
1672 705 10
1672 1335 1
1673 1653 2
1673 755 3
1673 1552 0
1674 1982 6
1674 888 0
1676 385 5
1676 1233 8
1676 1985 8
1677 1695 1
1677 1541 7
1677 265 9
1679 840 2
1679 1991 4
1679 1926 5
1681 1107 8
1682 355 0
1682 1812 3
1682 275 2
1683 811 10
1683 221 4
1683 389 1
1683 1217 4
1683 1034 4
1684 638 8
1685 276 0
1685 817 2
1685 1670 2
1686 250 0
1686 111 9
1686 1169 5
1687 168 10
1687 736 1
1688 1027 2
1688 1853 0
1688 1376 2
1688 70 4
1690 1715 1
1691 1651 9
1692 289 9
1692 926 10
1692 614 6
1693 18 6
1694 335 2
1695 1408 0
1695 383 5
1695 1513 5
1696 354 2
1697 347 3
1697 888 8
1697 1803 7
1697 1160 6
1699 1954 2
1699 403 6
1700 503 8
1702 99 6
1703 760 4
1703 974 10
1705 971 8
1706 1729 0
1706 73 2
1707 1069 5
1707 1967 1
1708 433 5
1709 779 7
1709 1228 2
1709 194 6
1710 1620 2
1710 323 7
1710 261 0
1712 1663 6
1712 958 6
1714 1002 9
1714 1244 5
1715 361 8
1715 183 3
1715 336 8
1715 713 4
1716 1407 7
1716 27 10
1717 220 8
1717 882 8
1718 593 6
1719 198 3
1720 1817 9
1720 872 2
1721 519 7
1721 81 6
1721 751 8
1721 61 1
1721 942 10
1722 167 8
1722 222 3
1723 1806 3
1723 357 2
1724 1339 2
1724 564 3
1724 1068 8
1724 35 9
1724 1285 4
1725 1476 1
1726 1680 2
1726 76 7
1727 1088 2
1727 553 4
1728 363 2
1728 205 3
1728 1063 1
1729 482 7
1729 92 1
1729 1751 4
1729 1834 4
1729 1826 6
1729 1283 6
1730 1616 7
1731 158 5
1731 543 6
1732 777 0
1733 1821 9
1733 1038 10
1735 606 10
1735 830 2
1735 1007 4
1736 1072 6
1736 1610 8
1737 407 1
1737 1661 10
1737 1890 7
1738 342 3
1738 567 9
1738 1480 10
1738 513 1
1739 1024 6
1739 172 7
1739 668 0
1740 88 0
1740 142 7
1741 352 7
1741 1312 7
1743 1076 10
1744 1499 9
1744 202 4
1744 1037 4
1746 933 2
1747 330 10
1748 1579 10
1749 920 10
1749 616 7
1750 69 3
1751 1027 4
1751 1053 4
1755 749 6
1756 758 5
1757 269 10
1758 636 2
1758 417 1
1758 1963 6
1759 756 3
1761 385 2
1761 1171 6
1761 49 10
1761 1070 7
1762 1926 8
1762 1027 5
1762 1427 6
1762 1667 5
1762 152 0
1763 1449 2
1763 957 0
1763 948 2
1763 1665 7
1764 202 9
1764 18 8
1764 1124 2
1764 545 0
1765 1323 5
1765 1929 5
1766 1889 1
1766 205 2
1766 1102 5
1767 911 5
1767 1411 3
1767 184 0
1768 1381 10
1768 1137 9
1769 1133 5
1770 1787 1
1770 784 2
1770 906 4
1771 854 2
1771 1225 2
1771 97 8
1773 920 9
1773 1735 9
1773 388 7
1773 746 3
1773 1522 7
1774 313 1
1774 1983 0
1775 405 1
1775 587 2
1776 527 8
1776 1129 6
1777 1882 6
1777 885 6
1778 575 3
1778 1694 9
1778 377 8
1778 212 10
1781 993 10
1781 257 1
1781 939 3
1782 1203 5
1782 1606 4
1782 1953 10
1782 1382 5
1783 1079 2
1783 544 10
1784 25 5
1785 1857 3
1786 1684 4
1786 1260 3
1787 349 8
1787 581 7
1788 1074 9
1789 541 10
1790 467 3
1791 1128 7
1791 414 7
1791 396 8
1792 1463 8
1792 1859 0
1793 666 8
1793 624 0
1793 1016 8
1794 1432 9
1794 446 8
1794 920 8
1795 1898 0
1795 1155 2
1795 218 2
1796 1022 3
1796 1015 8
1799 1294 9
1801 1001 1
1802 773 1
1802 1709 10
1802 1867 3
1803 1618 1
1804 1438 4
1806 1480 9
1806 233 3
1806 652 9
1806 1966 0
1806 1764 3
1808 1796 7
1808 1778 8
1808 71 3
1808 277 2
1809 506 6
1810 1226 6
1810 891 9
1810 955 10
1811 147 1
1812 1724 7
1812 1667 9
1812 1497 3
1813 1104 4
1813 1942 1
1813 1869 1
1814 1133 5
1815 784 10
1815 320 9
1816 231 0
1816 690 1
1817 704 6
1817 618 10
1818 1870 7
1820 1065 7
1820 933 5
1820 740 6
1821 1051 2
1821 1634 8
1822 179 1
1824 1057 10
1824 1894 6
1824 1263 0
1824 857 2
1825 1186 4
1825 413 0
1826 144 7
1826 1265 7
1827 1593 6
1827 1104 6
1829 1503 4
1830 1163 8
1831 599 7
1831 1587 8
1831 988 2
1831 877 5
1832 689 8
1832 416 4
1833 1213 2
1833 723 1
1833 1856 1
1834 199 1
1834 322 4
1834 1776 7
1834 670 4
1835 1755 3
1835 516 1
1835 1676 1
1835 1881 8
1835 486 7
1836 160 8
1836 1980 10
1837 1673 8
1837 1117 8
1837 217 10
1838 847 3
1838 690 2
1838 1693 8
1839 1938 6
1840 347 4
1840 1243 7
1840 815 9
1840 1440 7
1841 1578 0
1841 856 10
1842 919 7
1842 1109 1
1843 32 4
1843 1981 3
1844 1744 7
1844 378 9
1845 905 2
1846 804 2
1848 831 10
1848 994 0
1848 818 2
1848 346 3
1849 1266 4
1849 1771 7
1849 1979 0
1850 771 2
1850 596 2
1850 1365 6
1850 1515 2
1850 1816 8
1851 1608 3
1852 56 0
1852 1828 1
1852 139 0
1853 1358 10
1853 804 3
1854 1406 7
1854 1453 1
1854 161 0
1854 700 6
1856 770 8
1856 63 6
1857 1496 3
1857 1401 1
1857 1940 5
1858 802 8
1858 660 7
1858 283 7
1858 32 8
1858 1251 6
1859 1295 10
1859 533 3
1859 1590 10
1860 1137 1
1860 1635 4
1861 1477 7
1862 268 7
1862 62 8
1863 891 8
1863 1113 8
1864 821 0
1864 723 6
1865 1219 0
1865 1737 8
1866 466 10
1867 134 6
1867 1108 3
1868 810 9
1868 5 5
1868 874 0
1868 50 1
1870 1231 10
1871 394 2
1871 1478 1
1871 1093 1
1872 1822 0
1872 351 0
1872 1262 4
1876 346 5
1876 173 4
1876 1319 2
1876 1746 10
1877 501 6
1878 249 4
1878 382 3
1879 237 9
1879 1881 8
1880 1365 5
1880 634 9
1880 1409 3
1881 1910 8
1881 374 8
1882 264 6
1883 415 10
1885 580 0
1885 691 0
1886 619 0
1886 1698 2
1887 1740 8
1887 161 8
1888 1668 3
1889 1983 6
1890 964 7
1891 1718 3
1891 1258 5
1891 1306 3
1891 1566 6
1891 1457 0
1891 1708 6
1892 472 9
1893 1285 9
1893 1851 7
1894 779 8
1895 1953 0
1895 825 7
1896 722 3
1896 1535 0
1897 1062 5
1897 778 10
1897 1104 4
1899 1883 1
1899 211 0
1900 10 3
1900 902 5
1900 1688 3
1901 1498 1
1902 132 0
1902 1110 7
1902 1430 6
1903 1920 7
1903 1914 5
1903 819 4
1903 1932 5
1904 1106 6
1905 431 5
1905 1380 9
1906 1194 3
1906 1617 4
1907 441 8
1907 1268 5
1908 582 9
1908 254 8
1908 830 6
1908 1862 8
1909 1224 6
1909 1036 8
1910 105 7
1910 620 0
1911 204 1
1912 577 4
1912 1871 1
1913 1647 7
1913 1570 5
1914 131 0
1914 1513 9
1915 218 2
1915 11 2
1915 55 5
1915 1273 4
1917 1390 4
1917 1226 5
1918 1254 10
1919 153 8
1919 1362 3
1921 1904 0
1921 1223 10
1922 467 7
1923 43 0
1923 763 9
1924 1971 5
1926 128 0
1926 824 6
1926 418 2
1927 945 7
1928 1269 9
1929 1906 10
1929 247 8
1929 1609 4
1930 683 3
1931 1352 5
1931 369 3
1932 294 8
1933 517 8
1933 70 4
1933 203 5
1934 498 4
1934 197 10
1934 468 2
1935 935 2
1935 750 7
1936 212 6
1937 1169 6
1938 1864 4
1938 258 2
1939 1312 4
1939 1952 0
1940 195 8
1940 1864 8
1940 10 8
1941 784 2
1941 1910 5
1941 1933 1
1942 945 6
1942 76 4
1943 1921 7
1943 1903 7
1943 77 0
1943 1699 1
1944 775 1
1944 1085 3
1945 1710 6
1945 98 7
1946 1626 8
1947 1377 4
1948 658 8
1948 1424 1
1948 516 5
1948 1684 9
1949 726 4
1949 267 5
1949 596 0
1950 540 1
1950 54 9
1950 902 9
1950 369 5
1952 92 2
1953 802 7
1954 1923 9
1954 441 8
1955 977 9
1955 1097 1
1955 1124 0
1955 546 4
1956 1223 9
1956 117 6
1957 1310 8
1957 415 5
1958 910 9
1958 546 0
1959 1241 2
1959 1590 2
1960 391 2
1960 891 2
1960 240 9
1960 779 3
1960 871 0
1960 1658 5
1961 1498 6
1961 645 7
1962 1045 2
1962 1349 0
1964 958 8
1964 1838 3
1966 640 1
1966 722 8
1967 1340 6
1968 205 1
1969 629 8
1969 1047 6
1970 733 4
1970 1234 6
1970 1946 2
1971 755 9
1972 1113 7
1972 1029 9
1973 15 10
1974 1203 0
1974 5 1
1974 95 1
1975 284 9
1975 1803 5
1975 652 9
1975 1899 6
1976 28 5
1976 1561 2
1977 1371 8
1977 744 4
1977 1356 4
1978 1495 10
1978 240 10
1978 1250 7
1979 1292 1
1980 1519 3
1980 1438 3
1981 1394 2
1982 139 0
1982 1228 4
1982 406 0
1983 423 0
1983 1811 5
1983 1657 4
1985 476 0
1985 1235 1
1985 1783 1
1987 1545 1
1987 478 1
1988 1567 2
1988 580 3
1989 1617 4
1989 122 4
1989 590 8
1990 1564 10
1990 924 2
1990 1718 0
1991 662 7
1992 823 2
1992 125 1
1993 1022 7
1993 1818 3
1993 1623 0
1994 1736 9
1994 853 2
1995 326 5
1995 846 4
1995 1741 4
1995 856 0
1997 548 3
1997 105 10
1997 335 4
1998 1272 9
1998 1220 2
1999 1248 7
1999 582 9
